a<-3
for i in 1:3{
}
